examples/inputs/cairngorms_topo.asc
ncols 203
nrows 173
xllcorner 0
yllcorner 0
cellsize 1000
nodata_value -9999
[rows 96 to 119 of 173, columns 54 to 107 of 203]
644.51385498 747.195556641 836.041931152 816.87512207 762.347229004 681.391906738 453.319335938 578.944152832 751.222167969 766.37487793 847.194763184 823.139038086 794.864013672 807.847412109 761.541992188 827.055541992 790.305175781 740.445068359 750.319519043 755.069030762 803.472290039 836.069702148 870.681030273 764.834228516 928.86114502 817.65234375 908.541625977 688.375061035 601.513549805 729.903442383 535.909057617 482.526947021 651.834411621 700.875488281 798.750549316 845.472229004 920.500366211 764.623962402 876.583251953 672.305480957 502.040496826 783.227539062 767.569396973 632.137573242 427.666412354 509.457244873 614.999389648 678.221984863 671.302490234 752.846801758 521.319213867 847.180969238 936.721862793 976.347045898
832.668579102 740.723205566 825.680603027 772.625061035 789.292236328 572.742248535 634.778076172 518.749633789 552.234313965 740.222167969 783.347290039 803.319885254 749.196899414 759.041625977 805.680969238 821.653015137 811.36151123 772.98626709 838.014160156 776.83404541 742.055969238 800.139038086 828.889221191 676.953857422 888.041809082 728.680053711 865.819946289 706.041564941 683.374450684 657.541687012 505.939300537 511.999847412 555.499938965 696.48651123 829.166381836 829.389099121 790.125183105 687.569274902 622.528015137 538.610717773 616.748596191 842.378967285 747.153076172 649.180358887 502.944519043 460.763427734 706.443908691 817.653259277 752.030273438 866.583435059 647.485229492 612.917114258 942.736022949 879.457641602
843.180603027 829.680358887 808.23614502 612.831359863 473.444274902 583.135681152 838.597595215 723.736206055 618.944763184 582.303771973 673.417541504 695.652709961 755.076599121 729.555664062 748.055419922 757.874938965 798.528076172 788.430969238 791.999450684 773.250610352 687.027526855 718.777587891 733.958557129 670.529785156 701.91607666 689.290893555 690.41607666 750.361022949 696.013671875 574.193969727 523.485168457 569.26373291 628.014221191 653.736083984 711.860839844 785.735778809 733.083190918 657.028442383 584.180175781 677.708496094 844.000793457 823.015197754 647.319274902 475.430206299 670.278747559 495.86114502 676.541503906 656.721923828 851.424926758 988.583679199 736.192932129 823.849487305 796.832946777 879.346984863
850.631164551 799.76184082 633.498596191 705.534667969 718.440795898 830.233886719 829.797607422 757.547912598 684.285766602 749.797790527 730.023803711 713.5 694.428649902 633.655334473 640.083496094 699.011962891 680.51184082 708.583496094 668.892333984 655.749633789 649.225463867 613.975708008 629.106933594 701.350952148 599.666931152 580.666748047 564.178283691 529.357055664 524.571350098 531.107177734 504.909454346 573.38079834 567.820922852 704.738220215 735.536071777 727.666992188 931.190368652 879.369812012 618.987915039 928.655517578 892.976013184 736.272521973 610.417053223 601.786437988 832.536682129 743.953674316 544.786132812 649.51171875 817.572692871 967.202453613 988.809570312 882.726501465 914.416870117 895.36932373
817.845397949 745.964599609 572.880065918 630.797485352 844.333618164 755.104980469 826.548095703 667.844909668 735.309753418 734.095336914 748.964294434 714.035400391 761.091064453 541.998840332 709.940368652 755.34564209 802.571350098 830.191223145 787.143249512 695.130981445 708.356750488 819.738830566 636.309143066 658.844604492 558.237854004 590.666809082 638.309997559 564.153625488 601.297485352 458.166473389 543.247009277 546.13104248 603.797729492 610.666137695 700.237792969 909.785522461 938.012023926 811.047912598 757.725830078 762.64239502 721.690185547 627.169006348 652.535766602 760.809692383 824.809753418 617.333496094 610.535339355 780.10736084 708.58404541 903.415344238 1003.15527344 886.178710938 919.76184082 823.844299316
768.043518066 648.49987793 567.805969238 492.43057251 786.918151855 593.257507324 734.236694336 549.637878418 593.206604004 749.874511719 738.319335938 803.111206055 710.196350098 493.347320557 737.666748047 751.944274902 862.860412598 838.694335938 837.916870117 690.666137695 646.721801758 832.097229004 796.569091797 619.227172852 672.027587891 779.319030762 769.222412109 699.027954102 537.264038086 391.499511719 602.409057617 545.861633301 540.750183105 663.749450684 727.318908691 767.889099121 974.722473145 799.832458496 842.930847168 797.264160156 693.416564941 779.046203613 746.388122559 797.27746582 853.820983887 663.082763672 750.276794434 760.874938965 946.39465332 918.777954102 916.847045898 832.38885498 828.013793945 869.444763184
814.097412109 749.76361084 522.597473145 517.069091797 523.625 600.969055176 536.083251953 525.194519043 538.347045898 791.944519043 752.874572754 795.166809082 783.227233887 543.736633301 636.624938965 734.139221191 929.638977051 822.583496094 702.541564941 845.292419434 640.166687012 810.319763184 727.48614502 789.152587891 707.48626709 744.999816895 644.304382324 635.764404297 380.985229492 598.333679199 512.711303711 692.194702148 565.429870605 904.973754883 977.82019043 766.125366211 791.000244141 746.860839844 628.402038574 764.681762695 769.403747559 875.953979492 910.472717285 905.347717285 651.763305664 662.625 753.028259277 993.167602539 989.956481934 608.166259766 694.166748047 814.791564941 667.470397949 863.625366211
775.166564941 735.940185547 514.964355469 520.273925781 526.690429688 462.584259033 569.35760498 577.440795898 521.702392578 676.39239502 647.309570312 674.023803711 659.818481445 698.262145996 467.202392578 683.700683594 866.916931152 772.618530273 722.952392578 824.238586426 650.940551758 852.238098145 898.84552002 864.688598633 772.368774414 662.321350098 691.54888916 386.356048584 656.237915039 605.308410645 556.259155273 579.583007812 647.095275879 626.048034668 697.023925781 771.356445312 1022.24981689 797.797363281 732.893676758 513.535339355 793.406311035 772.675048828 745.702026367 672.39251709 600.809448242 531.476623535 633.237731934 947.976989746 913.142700195 924.952148438 591.487182617 522.738220215 801.178222656 873.678466797
696.380859375 645.630981445 501.928497314 495.797790527 518.106933594 414.752929688 543.655273438 456.892944336 553.309814453 661.38067627 600.690551758 604.131103516 549.974365234 574.142822266 489.238128662 628.107055664 781.714660645 815.821350098 621.297607422 885.000671387 525.760131836 854.583679199 777.547607422 848.897338867 750.678405762 518.75 363.999847412 510.380706787 844.001098633 590.321044922 598.350585938 633.535949707 670.714355469 826.238647461 820.012634277 796.440307617 820.47454834 862.594909668 756.394104004 490.476776123 596.500061035 767.947692871 867.000549316 553.595092773 439.773223877 705.203491211 718.07208252 789.475280762 714.648742676 680.880432129 501.297332764 700.631469727 890.238769531 853.096374512
594.178344727 599.083374023 489.916748047 495.845367432 515.464233398 510.740325928 389.72555542 457.762145996 500.095184326 562.797485352 517.75 519.51184082 535.143371582 539.178710938 437.226165771 538.380981445 613.178100586 830.631164551 642.928222656 800.000488281 547.904418945 842.500183105 606.475830078 737.610595703 498.642852783 444.059753418 757.227416992 711.548034668 789.762939453 813.773620605 490.531768799 632.844787598 581.226196289 703.452270508 720.583190918 732.654846191 810.071472168 760.154785156 790.417114258 635.976379395 515.273803711 649.792175293 753.583679199 550.36920166 414.76159668 659.618408203 815.963439941 625.463989258 733.752868652 572.558532715 511.405151367 732.393554688 728.14276123 697.642089844
582.235778809 491.457550049 467.889556885 475.152557373 454.360595703 480.757843018 357.734191895 440.277893066 511.097320557 493.027587891 470.59765625 470.750305176 539.788024902 482.750091553 412.443328857 547.556030273 568.569213867 575.347106934 591.930480957 592.667236328 507.180053711 641.861022949 518.777648926 450.379089355 411.625396729 704.249267578 941.056762695 777.958129883 1049.04211426 778.305419922 457.757415771 667.069763184 569.652587891 498.777648926 723.19519043 708.500671387 608.986450195 610.750671387 749.417297363 627.250244141 405.318786621 559.484924316 701.015441895 393.277832031 462.958312988 745.09777832 667.652282715 616.971740723 566.333679199 521.73638916 546.390258789 597.471618652 644.138977051 669.416809082
543.98626709 505.124450684 426.833587646 439.30569458 440.06930542 456.848510742 347.763641357 434.833557129 450.25012207 440.444458008 491.736755371 463.124969482 511.348266602 452.486236572 418.652954102 512.096618652 549.860900879 543.735778809 560.166870117 438.083404541 495.11151123 486.458190918 397.501373291 367.136627197 616.861206055 874.222473145 938.6796875 853.290222168 868.930175781 672.999755859 502.182159424 451.735961914 576.958251953 476.027862549 543.763427734 661.598266602 757.34753418 698.306518555 487.027679443 476.819244385 380.15246582 753.925720215 657.111206055 367.999786377 568.750061035 646.945617676 538.791503906 733.624938965 647.923461914 553.541503906 417.318511963 579.319702148 557.568908691 705.833557129
504.763641357 497.01373291 419.486236572 364.679229736 399.041564941 448.151550293 373.139129639 382.208221436 352.083953857 404.846801758 491.250030518 441.847076416 455.803161621 369.082977295 541.305969238 520.444519043 515.694458008 548.722229004 463.569610596 476.02746582 296.695129395 331.417114258 402.124908447 473.787384033 606.179870605 766.360961914 691.985229492 855.63861084 646.208068848 571.749572754 501.136108398 525.403015137 427.500152588 444.88885498 457.181427002 552.958374023 592.749084473 781.346496582 811.79296875 585.778442383 370.929718018 381.408813477 563.196594238 524.237365723 570.360168457 552.028747559 565.556274414 576.651794434 621.029724121 721.487243652 437.374755859 447.694519043 624.556274414 738.319519043
468.631011963 408.880554199 359.940643311 350.607177734 335.011505127 348.935119629 340.535614014 327.809509277 456.690887451 419.524017334 450.130981445 416.107116699 417.883148193 347.344970703 495.761871338 486.04776001 481.845367432 508.00012207 472.583129883 408.536315918 334.345306396 413.738006592 482.143249512 465.688171387 670.333374023 720.094726562 702.905883789 503.690460205 540.999572754 662.429321289 676.999755859 841.071777344 573.571105957 487.154571533 369.106872559 490.464569092 513.154663086 700.702819824 725.820922852 560.785400391 578.441162109 454.76550293 343.213867188 347.499603271 516.523986816 547.846191406 436.321472168 490.416717529 681.440795898 612.154541016 392.273681641 438.571166992 610.106872559 639.785583496
579.631103516 476.118774414 406.464294434 337.880950928 295.999450684 276.012817383 280.749633789 278.547332764 351.833496094 376.059265137 408.761962891 385.749511719 442.220733643 383.130950928 393.785705566 383.083343506 404.190307617 513.107421875 464.273742676 267.047119141 364.356506348 448.809265137 395.988037109 500.90914917 608.809326172 788.893127441 495.928894043 536.845092773 592.523742676 610.737731934 670.40234375 793.309020996 713.678771973 504.118682861 421.79788208 401.523376465 475.272766113 566.559570312 573.63079834 764.620422363 673.465332031 542.779418945 489.131347656 382.61920166 330.154876709 393.202941895 417.166503906 412.202087402 490.701507568 616.226196289 352.035705566 462.28503418 518.308959961 539.714172363
526.642883301 466.071289062 433.036071777 377.654663086 344.095001221 346.584716797 366.85736084 291.119293213 249.773590088 371.333709717 415.595336914 352.952331543 424.96081543 376.964385986 394.618835449 360.642822266 311.952331543 426.773620605 420.024200439 279.5597229 376.630737305 411.833892822 380.869262695 418.8699646 457.059417725 453.976043701 443.166473389 471.011810303 567.618652344 571.392883301 716.351013184 696.10736084 582.083374023 504.880706787 464.487915039 368.143188477 434.833679199 464.951965332 544.845031738 661.179077148 543.51184082 641.195129395 746.392944336 493.868713379 334.904663086 358.214050293 416.940246582 492.035675049 436.855926514 507.702728271 336.059661865 505.785888672 729.464477539 464.451934814
421.444519043 430.541717529 442.944122314 436.541717529 394.527526855 457.408874512 512.708679199 422.138793945 305.999694824 277.194946289 319.000427246 329.486328125 391.606079102 340.347137451 381.083465576 437.86126709 372.68069458 282.652954102 335.653076172 196.860961914 313.97253418 317.402923584 343.569671631 397.7578125 421.652801514 413.472503662 367.597076416 411.472229004 489.44442749 519.486083984 655.395019531 601.083557129 511.069488525 586.569519043 474.221832275 396.055877686 363.569824219 425.167175293 475.764251709 520.374511719 530.583068848 544.651123047 750.028625488 542.999755859 386.096466064 333.472076416 436.736114502 626.347412109 543.258544922 370.193847656 319.305358887 562.34753418 532.250427246 447.721801758
520.819213867 402.125549316 473.124603271 460.569091797 423.139099121 441.727630615 455.111022949 461.222442627 343.235748291 260.805755615 224.625396729 292.402770996 331.499786377 286.499542236 270.972015381 271.708465576 276.583526611 198.610565186 182.791275024 174.15222168 278.194213867 380.847015381 339.347351074 398.424163818 464.876037598 355.250091553 390.292022705 402.930664062 436.458892822 473.082885742 555.833435059 575.083557129 468.4581604 503.124298096 532.082458496 451.111022949 314.805908203 478.583282471 419.097717285 461.751037598 486.583953857 567.561523438 525.555664062 666.610656738 529.41619873 361.972412109 442.444488525 579.667480469 456.772369385 456.500335693 307.874908447 426.736022949 407.930603027 413.611755371
512.736083984 460.861755371 329.527679443 378.972442627 399.958068848 394.151611328 401.485992432 415.76373291 428.486328125 413.763916016 337.458496094 203.74949646 187.438873291 167.847244263 146.597213745 140.5415802 136.430664062 133.777801514 133.652175903 139.153335571 239.722290039 358.791656494 309.333526611 442.167297363 320.916900635 359.902557373 457.916473389 523.791809082 604.611694336 446.346984863 539.894104004 542.152160645 484.416595459 406.180511475 501.110931396 506.139160156 306.249816895 413.472106934 419.444396973 384.333190918 402.277069092 478.105987549 483.639312744 590.430725098 547.708740234 368.625091553 364.152648926 341.180419922 336.817565918 360.75012207 327.013641357 365.235778809 435.514282227 341.833099365
319.291595459 322.305389404 379.444335938 326.263458252 283.208526611 285.727050781 315.666473389 347.305786133 386.472473145 368.388977051 381.750366211 230.846969604 203.757583618 239.111282349 264.680755615 224.277893066 237.902770996 347.569519043 268.583374023 148.736038208 120.819480896 172.555007935 267.791717529 401.66494751 332.957977295 582.555664062 535.207641602 580.402160645 611.541564941 470.458282471 497.636444092 522.777893066 352.416137695 322.94430542 378.874298096 284.041687012 278.861480713 301.763671875 336.680389404 384.666931152 432.167236328 419.030059814 436.499969482 513.750610352 440.638946533 390.653167725 321.527862549 423.389099121 536.242370605 461.334442139 280.888793945 346.638702393 361.152252197 331.096740723
486.0418396 510.680511475 540.792419434 416.013366699 269.708465576 291.092010498 260.694885254 216.87461853 218.166397095 203.152618408 195.805725098 239.319702148 329.318237305 338.903015137 315.888916016 268.416168213 294.485870361 385.860656738 397.666595459 384.569854736 237.36114502 133.94493103 148.875473022 202.302825928 306.333190918 527.555664062 676.069458008 777.154541016 735.347351074 508.874542236 389.923858643 332.611297607 316.930786133 341.472290039 277.958099365 332.569671631 297.388214111 257.583465576 287.152587891 366.846923828 388.179962158 443.151885986 399.346984863 445.708007812 420.679779053 421.01461792 303.235412598 523.791503906 723.107727051 417.610687256 323.236755371 340.18069458 353.153533936 308.930358887
691.528076172 698.0703125 549.555541992 364.069244385 409.444610596 480.151184082 471.472290039 385.555664062 334.694915771 336.277496338 363.264221191 405.652984619 419.651672363 374.402832031 328.624633789 372.569213867 359.444671631 313.457855225 330.569396973 327.610931396 386.930969238 290.777740479 293.084472656 124.106025696 339.568939209 484.916778564 542.972717285 554.013793945 554.819335938 535.236755371 442.879577637 366.583068848 419.583404541 441.778015137 431.597717285 428.611022949 486.542144775 338.569000244 240.041381836 343.583435059 421.347503662 356.287872314 375.596832275 407.555938721 365.861175537 366.736022949 305.013397217 436.221710205 512.635925293 399.235656738 337.889099121 316.819030762 400.236633301 274.055053711
816.928710938 672.535583496 479.892822266 318.20223999 350.297637939 393.675506592 417.976287842 427.262115479 412.749969482 419.86895752 477.013061523 430.333312988 406.59765625 369.714294434 380.119018555 394.035461426 413.988616943 392.57144165 279.499694824 228.369445801 288.487884521 312.333831787 326.881225586 128.19291687 453.095428467 527.916625977 433.95211792 398.60736084 391.666259766 440.523773193 366.272491455 408.98815918 511.213989258 613.524475098 527.940673828 472.250274658 381.880584717 374.833435059 273.428405762 278.53604126 326.392822266 315.350372314 353.261535645 397.76171875 322.964477539 345.999786377 277.452423096 323.559692383 369.584625244 438.023895264 359.356719971 261.737976074 312.92868042 264.869262695
733.237609863 552.689758301 359.583435059 235.845397949 228.76222229 282.25994873 324.738250732 354.17855835 367.892883301 425.21383667 411.190734863 392.249847412 334.23425293 324.333526611 377.488128662 320.785583496 386.904724121 373.845428467 381.047485352 291.357391357 139.249465942 161.797836304 154.024688721 126.311454773 390.060791016 479.048339844 301.214416504 325.595458984 321.416473389 373.381011963 353.753234863 422.416503906 473.309570312 477.880828857 493.761871338 418.964447021 438.797332764 391.261749268 318.785949707 224.190658569 249.547668457 285.961334229 315.809997559 270.797729492 297.892944336 266.250061035 274.178283691 371.880767822 465.792419434 439.131500244 374.416809082 305.797637939 293.654602051 309.297515869
