examples/inputs/cairngorms_topo.asc
ncols 203
nrows 173
xllcorner 0
yllcorner 0
cellsize 1000
nodata_value -9999
[rows 96 to 119 of 173, columns 108 to 161 of 203]
873.639099121 649.402587891 689.847229004 645.222961426 505.417388916 399 464.443328857 627.472045898 740.291748047 630.819213867 669.08392334 632.319213867 721.015686035 599.110961914 606.889099121 694.875305176 613.472595215 643.34777832 619.445068359 302.346954346 409.556213379 505.778381348 465.180511475 404.713378906 289.23626709 294.014099121 262.000152588 277.333465576 375.38885498 511.499603271 415.516082764 447.820159912 386.666564941 441.180999756 354.972045898 424.250030518 400.583007812 310.750305176 331.583526611 385.791931152 481.235748291 349.893859863 347.958465576 350.874938965 378.277801514 458.347229004 421.944488525 313.986328125 274.227752686 160.611053467 162.902877808 152.319473267 213.222335815 162.111236572
937.48614502 952.55657959 707.971069336 647.807312012 487.943786621 656.681762695 579.31817627 660.027709961 644.277587891 734.833374023 674.485778809 715.569396973 671.924438477 536.027282715 489.805847168 550.362365723 446.669342041 449.679107666 649.319458008 459.859008789 289.20791626 313.596710205 421.431182861 306.575744629 260.847198486 240.611083984 259.777618408 372.41619873 471.777923584 393.277526855 280.196899414 271.749786377 402.653137207 443.48638916 440.083404541 463.847381592 388.194458008 390.167144775 359.847381592 350.19430542 421.264007568 387.333282471 419.444488525 396.263671875 420.389282227 388.55581665 262.24786377 260.860931396 217.50012207 178.165969849 185.180679321 160.222290039 144.846664429 136.944473267
903.34777832 770.666748047 713.944335938 733.027832031 661.680114746 634.696777344 658.041809082 690.194396973 708.333496094 733.111206055 686.833312988 793.056091309 798.424438477 695.112304688 508.069732666 663.264282227 308.06829834 521.624206543 637.277587891 550.66595459 304.318878174 263.569030762 262.930603027 298.939056396 337.792144775 248.361297607 235.458709717 304.763916016 299.15246582 263.264038086 241.802337646 213.777526855 314.138702393 278.680511475 335.847045898 448.069458008 433.431243896 388.777832031 345.041564941 383.152618408 488.653045654 445.378875732 343.708282471 299.151184082 215.764831543 287.555023193 223.486709595 179.680282593 156.241897583 131.041320801 185.472473145 177.930328369 169.138961792 147.097137451
747.083374023 704.321533203 546.916320801 587.928527832 468.058837891 599.346740723 637.583190918 779.071899414 714.464416504 732.428710938 749.84552002 735.296630859 689.22076416 637.66607666 621.785461426 541.666564941 653.893432617 298.368835449 273.250091553 271.047607422 445.203643799 378.69039917 246.880722046 251.519241333 339.631011963 222.190093994 192.630584717 209.273803711 278.32144165 268.964263916 209.649551392 184.21421814 213.035720825 216.154876709 343.237792969 465.297637939 453.810150146 390.582794189 433.833404541 500.774230957 403.654663086 333.649078369 242.082794189 211.893173218 221.142715454 223.499526978 366.702941895 311.10760498 169.143005371 112.166427612 117.726089478 114.321388245 110.738136292 111.988243103
833.499938965 783.13079834 740.607421875 545.642456055 591.167541504 333.882598877 675.822631836 703.11895752 755.88092041 778.893005371 739.736755371 734.548034668 736.0390625 660.369018555 620.48815918 563.261535645 663.786071777 456.547241211 523.095214844 450.106903076 625.036315918 452.202056885 284.428100586 242.545181274 214.714385986 239.142852783 231.237854004 224.119262695 200.226119995 201.630813599 178.350494385 206.250579834 133.559051514 139.690689087 259.58291626 392.332794189 511.404815674 477.547790527 496.012115479 417.750457764 275.927856445 265.766174316 309.559509277 176.595321655 160.475952148 363.714477539 351.190765381 234.53326416 203.558624268 146.119018555 112.797676086 84.0118484497 76.8331832886 89.9047775269
727.013549805 725.444519043 829.291931152 847.722351074 833.404174805 276.075012207 503.985687256 765.055175781 811.333435059 789.416809082 821.722290039 782.722351074 730.924194336 656.347229004 658.514038086 701.958496094 656.791259766 687.403015137 607.26361084 565.944702148 419.778533936 319.77746582 438.944885254 335.120635986 324.166381836 474.847198486 417.986877441 348.194976807 271.777893066 193.250686646 184.272659302 283.402252197 286.444580078 194.472061157 140.374694824 352.777130127 374.458007812 369.735290527 391.903106689 296.458282471 302.638793945 304.243103027 176.791854858 145.972381592 207.945526123 291.889404297 205.083633423 136.458068848 100.227264404 83.6113891602 78.4031448364 76.7776794434 63.027885437 69.2916488647
782.222045898 598.137390137 455.249298096 640.638061523 492.318481445 337.091339111 501.166778564 812.43145752 848.23638916 799.764221191 837.08380127 773.333679199 825.848754883 717.694519043 738.235961914 800.277709961 751.652709961 688.375 594.860534668 568.971618652 570.528625488 545.48626709 464.653015137 526.879577637 591.0703125 543.403747559 414.916351318 307.458587646 259.027954102 292.125061035 329.045806885 554.055480957 406.944458008 309.875488281 128.20803833 266.332794189 306.986358643 286.374542236 275.500366211 260.875030518 207.666305542 155.484588623 128.319320679 175.097595215 97.1666412354 97.0969696045 89.2775344849 81.2637023926 76.7271957397 66.3055725098 70.5000228882 59.0416603088 66.1528244019 69.4722747803
854.964355469 835.321533203 618.550720215 378.095245361 364.285614014 253.856658936 265.273468018 503.808807373 715.166748047 801.429077148 622.809265137 634.106689453 854.091491699 832.619018555 812.238037109 790.190368652 724.440979004 629.809692383 666.631225586 707.178710938 647.119384766 649.928710938 611.940429688 658.403320312 594.904663086 469.49987793 422.52432251 336.76184082 460.75 380.345123291 572.233764648 548.012878418 354.35748291 245.892883301 127.547813416 225.583374023 226.166748047 240.487869263 295.620025635 185.654663086 135.1902771 131.285995483 93.3214111328 80.0952758789 78.5591812134 72.416595459 72.8329925537 64.2380371094 64.1949081421 64.226272583 62.2143974304 60.9881858826 67.3929138184 88.0959777832
821.690307617 724.082336426 567.664245605 710.405029297 695.168212891 516.88092041 272.725341797 235.273773193 375.654846191 594.761413574 548.095397949 628.369140625 691.51953125 631.297180176 870.452453613 814.095031738 796.833496094 678.38104248 600.928466797 623.893310547 625.261901855 601.309631348 555.213500977 564.663208008 358.415863037 377.059631348 361.916748047 482.499786377 496.773376465 601.93927002 576.738952637 387.463775635 351.726776123 249.809234619 170.452453613 115.975402832 233.797653198 239.750183105 164.619384766 124.797721863 97.23777771 85.3379440308 75.761756897 74.5119781494 72.46434021 68.6308822632 62.7500343323 58.5951957703 62.8052253723 64.9880981445 64.7855377197 82.0119018555 93.9641571045 120.023757935
836.523925781 903.894226074 819.487854004 816.285705566 940.381591797 747.31237793 781.453369141 458.929260254 236.058929443 288.726257324 341.940338135 517.59552002 523.467712402 563.475891113 783.309936523 533.40411377 668.904907227 733.952331543 661.238037109 636.607116699 537.405334473 389.321655273 483.58392334 588.428955078 438.976531982 245.071044922 272.166900635 269.761566162 423.868835449 597.524230957 614.923095703 545.666809082 307.820770264 220.380950928 269.024902344 143.226272583 121.297607422 130.642684937 107.523780823 83.4875030518 125.190597534 75.428604126 65.178527832 71.0234451294 79.4763870239 66.0477676392 59.9642677307 59.5000724792 56.9480514526 56.3929672241 83.9167785645 118.535797119 184.917007446 176.642913818
780.819824219 618.499023438 621.596862793 812.542358398 664.097412109 616.620910645 755.985778809 761.806152344 556.068786621 282.930328369 235.888702393 260.013702393 354.742675781 404.000152588 530.681152344 445.541473389 639.068847656 698.806152344 623.88885498 571.126037598 597.499755859 530.054931641 344.193664551 356.409057617 382.166870117 354.02835083 345.249847412 290.014282227 262.166687012 435.819885254 390.848815918 465.403198242 418.917449951 337.110626221 217.180862427 131.736282349 92.3477325439 92.8748321533 111.096855164 92.8195114136 54.1109657288 53.8180732727 59.6943092346 59.9583129883 69.9999313354 59.3054122925 52 47.2916107178 63.3030395508 76.6666030884 105.77772522 177.458450317 252.986114502 199.597229004
769.209289551 527.333374023 522.457641602 718.069580078 575.263977051 538.242248535 598.055541992 563.625061035 616.833496094 561.541564941 458.361206055 252.944198608 226.393722534 281.069458008 354.791717529 399.069732666 435.082519531 643.58392334 652.347717285 727.972900391 571.624755859 585.694824219 543.736022949 411.258056641 311.972045898 447.625152588 480.37512207 383.611999512 180.94430542 326.805145264 314.620819092 319.583251953 349.375152588 260.138977051 184.847076416 129.958618164 109.013565063 79.0698165894 67.0970077515 56.1666793823 52.6527519226 51.2423667908 56.8609466553 63.2082939148 53.1942977905 65.9722366333 49.5694274902 61.3612060547 84.6816635132 96.8332214355 147.986221313 234.513885498 209.985931396 167.666656494
633.778137207 583.806152344 417.971405029 529.167053223 514.277954102 538.029724121 493.958709717 486.666564941 473.402526855 518.319763184 492.138305664 493.861633301 318.242980957 227.888641357 263.152404785 299.110778809 469.90246582 742.097900391 680.041748047 668.444519043 659.165710449 562.473754883 423.69418335 507.698059082 512.958618164 415.250030518 353.180450439 266.361236572 229.05557251 219.263793945 267.909301758 225.055038452 221.707458496 166.110977173 138.471786499 205.83380127 94.5274276733 63.7915763855 67.1534805298 54.1389274597 48.4306640625 48.272895813 53.8054885864 49.9582138062 51.083152771 53.7639122009 51.5831718445 81.750289917 99.0456008911 145.902801514 219.069564819 235.000167847 165.263900757 135.458374023
503.999603271 610.119384766 582.404968262 376.595001221 400.119049072 473.038757324 458.892883301 418.868865967 414.904876709 400.773620605 416.356811523 406.011810303 294.714385986 227.833328247 225.416687012 373.178985596 615.952331543 540.750061035 493.606719971 714.440979004 621.09552002 604.678466797 583.988769531 440.493621826 364.403625488 377.321594238 298.84487915 367.750640869 223.273529053 162.035675049 217.870742798 217.83380127 142.321472168 113.643386841 79.8330230713 87.8562469482 72.0594787598 52.6070823669 53.9166107178 54.428855896 46.8096923828 45.48046875 47.1427955627 53.1192893982 40.5238800049 44.2857818604 63.7023963928 90.8095245361 117.129508972 228.618621826 250.393112183 202.666763306 163.583297729 134.154754639
465.237457275 611.297668457 540.559204102 501.28616333 386.035797119 384.273071289 406.690917969 408.726409912 381.273376465 365.833435059 383.70223999 399.749938965 327.934906006 226.39276123 259.36907959 507.548065186 546.523803711 414.737884521 546.559814453 551.417114258 502.976135254 440.868804932 388.463531494 527.143005371 554.857727051 457.428253174 364.154052734 282.261810303 361.523284912 296.595458984 168.83102417 132.487472534 117.821334839 163.690872192 149.702545166 88.5597305298 55.1307449341 64.22631073 45.714050293 44.797580719 46.4762573242 43.0908927917 38.1785888672 33.2379264832 42.4048461914 52.8452796936 62.4999351501 84.5594024658 185.66255188 186.107269287 204.536270142 161.928482056 141.238067627 123.035850525
442.523712158 563.154663086 449.308776855 491.785736084 497.90447998 401.766204834 337.726104736 281.439880371 313.368591309 370.714263916 329.452209473 365.487915039 413.831115723 240.261871338 241.95223999 443.964385986 478.499755859 348.011810303 407.178009033 407.76171875 398.524139404 352.060119629 386.250457764 463.247009277 440.52444458 442.392852783 402.737091064 472.119628906 363.226287842 211.856933594 126.480110168 152.655822754 199.39302063 195.464096069 131.536621094 79.1309356689 56.737991333 62.4523162842 46.6308631897 40.2263526917 40.8329315186 39.181640625 48.7858581543 38.9760665894 46.3936309814 33.8332290649 50.4166145325 134.095153809 138.831130981 149.975891113 172.321533203 155.261734009 132.880981445 109.999984741
404.318878174 468.986022949 431.820098877 471.235870361 506.680450439 533.439086914 419.250061035 332.278381348 257.027618408 250.638687134 291.318389893 364.541748047 425.333190918 391.000061035 217.138946533 383.50112915 368.541992188 326.402709961 309.943908691 494.195404053 456.430938721 325.846557617 300.48638916 441.485076904 339.042419434 355.915771484 407.263580322 332.986938477 239.055984497 186.388809204 248.409439087 182.805206299 235.79083252 184.694534302 112.083259583 79.9864120483 56.7359848022 49.7085838318 38.5278701782 32.7221641541 31.4583950043 30.3029613495 27.7219772339 25.1524486542 21.8887805939 26.0415019989 60.7500839233 91.0414505005 130.287750244 119.750335693 124.319236755 125.777587891 92.1806182861 63.7769508362
370.457519531 441.902160645 383.805541992 468.611694336 538.806213379 495.606231689 547.889404297 396.012664795 503.180389404 338.653167725 233.916564941 431.320373535 371.151824951 458.152191162 238.707336426 281.222198486 283.76348877 320.416778564 310.95803833 420.652740479 394.430938721 375.459075928 307.318817139 474.030212402 309.027557373 265.152679443 214.750396729 254.236282349 264.041809082 237.000396729 196.106109619 226.875335693 191.930145264 134.972320557 108.916862488 80.7919006348 63.4861030579 50.8610725403 47.6111869812 48.5137481689 50.5414352417 65.3937759399 63.8332443237 47.2500190735 36.6666030884 22.7637901306 29.7639350891 103.764640808 79.7425537109 109.527610779 103.888809204 86.0555419922 64.875213623 44.6808700562
413.749755859 438.792602539 350.986480713 423.902099609 367.37411499 415.422790527 521.583312988 491.500518799 405.221282959 488.903167725 308.861053467 258.902893066 271.363342285 418.638549805 296.403045654 228.056030273 270.666687012 284.180633545 346.014190674 379.416534424 448.972595215 332 267.888946533 343.318359375 250.222244263 195.818710327 259.333221436 285.277618408 229.263656616 171.763595581 128.681564331 113.888648987 121.00025177 102.583381653 82.361328125 67.3333358765 63.4028549194 51.3888130188 52.2916107178 73.4998321533 117.097457886 113.969703674 92.0695343018 74.0833206177 58.2914848328 46.0833778381 32.2777252197 36.0694770813 68.4854354858 66.916809082 68.1943664551 89.9029006958 0.0416586324573 0
507.667114258 306.291503906 340.54107666 438.486541748 359.500305176 473.848907471 440.541778564 506.806152344 357.334014893 343.041809082 388.041534424 284.542022705 283.394195557 387.402709961 334.152038574 215.014221191 250.916442871 322.555511475 306.985656738 386.347869873 375.83380127 264.068847656 216.054931641 227.363204956 212.958084106 213.930603027 216.194091797 206.166946411 138.986114502 109.486190796 100.030273438 88.3473892212 79.9442596436 77.4031219482 70.2361679077 63.7498550415 61.4026145935 69.0279846191 91.5973205566 111.472915649 113.777519226 101.833244324 89.2222137451 91.7915115356 90.4999313354 69.638923645 53.9445571899 39.4583511353 11.1211843491 56.8335571289 19.6387557983 3.58332800865 0 0
425.471740723 380.487213135 389.792114258 322.082977295 435.403106689 433.227172852 335.04083252 413.943267822 470.736602783 383.611541748 264.124725342 247.29234314 214.832778931 226.666549683 359.194732666 230.194503784 209.85987854 405.764160156 256.04119873 277.333221436 314.360778809 229.791091919 202.680984497 272.121643066 253.459564209 167.667419434 147.44442749 114.375160217 99.7777557373 93.6249465942 88.575553894 84.7222595215 83.7222061157 78.9855880737 84.4027709961 78.8611373901 81.3334655762 86.9862365723 79.1110916138 84.9165267944 86.0692367554 95.8486022949 96.5277786255 94.3332366943 94.7501144409 106.805534363 96.8890457153 63.7638473511 32.2136001587 13.5412635803 4.11105442047 0 0 0
385.306732178 356.09765625 321.707489014 328.069671631 447.542205811 320.30166626 344.000701904 428.930114746 524.861206055 495.638671875 508.4168396 530.111755371 370.213348389 247.59715271 287.152587891 269.013793945 163.249420166 275.680938721 242.485717773 200.819061279 201.958602905 233.110809326 157.347167969 151.96925354 159.124740601 152.88885498 118.902488708 105.055496216 105.708358765 101.750244141 106.121520996 90.2498474121 94.1526260376 97.2224197388 104.388908386 104.263938904 97.9444580078 83.083366394 83.7358779907 90.9722824097 80.3053512573 83.9697647095 76.8746414185 74.4167327881 70.4164733887 69.9721069336 61.0973052979 39.6525001526 24.1967601776 12.8470592499 5.8191947937 0 0 0
270.464477539 365.131164551 327.380279541 348.262115479 395.761962891 299.454406738 327.273345947 381.202392578 450.880371094 611.572021484 387.606964111 419.429138184 286.129425049 242.131973267 208.214828491 276.71383667 192.631027222 181.845077515 200.761749268 179.607727051 224.142822266 190.333374023 151.952301025 140.921951294 136.047180176 121.738357544 121.071434021 113.53578186 117.44103241 98.2264022827 77.8309249878 87.2857055664 91.7738037109 80.9999847412 67.1667709351 62.5237083435 62.7262802124 51.2498474121 49.3453559875 64.6071472168 87.0834655762 70.7403030396 72.3334121704 60.583442688 58.0834579468 36.6908416748 14.583275795 9.95241260529 13.2338657379 11.6787338257 6.33398151398 0 0 0
229.726409912 307.11907959 346.155059814 297.011901855 406.666381836 274.571136475 294.01171875 439.905303955 461.952972412 425.940765381 547.726867676 366.321350098 293.376434326 233.690734863 165.082305908 186.619003296 158.927932739 125.071250916 152.904678345 132.99987793 128.833251953 131.011901855 123.047615051 121.597305298 127.678588867 122.214263916 99.6191177368 86.5476989746 66.7856140137 55.1548957825 53.6492424011 53.2502479553 53.0714187622 55.6190872192 54.9520835876 32.3803596497 32.8214454651 31.2622928619 21.0831642151 32.7384757996 30.8929023743 33.740322113 26.0237922668 15.4522047043 15.1907672882 3.09522461891 7.53579473495 12.8452453613 9.05193901062 7.77384138107 0 0 0 0
