examples/inputs/cairngorms_topo.asc
ncols 203
nrows 173
xllcorner 0
yllcorner 0
cellsize 1000
nodata_value -9999
[rows 120 to 143 of 173, columns 54 to 107 of 203]
561.13104248 436.02355957 229.702407837 266.106994629 228.405380249 186.831207275 181.750045776 209.488174438 252.475982666 327.524353027 305.726898193 203.773284912 195.325042725 155.725799561 152.714355469 156.417114258 144.107131958 144.46421814 159.9402771 209.654953003 304.869659424 389.952362061 273.535400391 124.415168762 204.845214844 204.99961853 175.630722046 243.440628052 322.964569092 316.44039917 392.624084473 451.499786377 420.535705566 391.285430908 353.690673828 323.606781006 310.690246582 293.583374023 287.297546387 227.404342651 210.119125366 274.273529053 328.095214844 308.46395874 249.940353394 248.119171143 317.54800415 404.453399658 389.376739502 444.607116699 431.594787598 387.738067627 366.285369873 362.273834229
330.511108398 299.51171875 210.964111328 265.465209961 204.999908447 199.779769897 183.262161255 177.689819336 168.951858521 147.309341431 144 144 146.155487061 170.52331543 185.381622314 235.30947876 306.797790527 314.107574463 352.238342285 336.285675049 451.261657715 477.107055664 371.559204102 156.429168701 111.726425171 131.142623901 134.559555054 171.309509277 229.857009888 317.45223999 376.844177246 472.607849121 368.035491943 351.809509277 396.630737305 383.714508057 336.714172363 364.762359619 343.26159668 312.726379395 206.535354614 276.233886719 320.142700195 413.928924561 297.475891113 241.047454834 337.67855835 334.713897705 362.064758301 391.904907227 448.250457764 431.452453613 354.725799561 370.952087402
201.61895752 197 197.607055664 272.606781006 324.273803711 260.402740479 273.118652344 337.297912598 381.86920166 202.821456909 188.630981445 182.285293579 283.428527832 397.869781494 358.393188477 398.881195068 487.798187256 516.285217285 435.1065979 438.654296875 510.023620605 552.24987793 423.666534424 314.467498779 242.62008667 127.452285767 78.4285430908 139.928741455 247.833404541 351.082855225 348.064727783 401.845581055 347.071472168 386.357208252 421.904205322 471.643157959 402.571502686 403.726135254 328.988037109 278.940460205 218.047821045 264.909088135 309.940246582 373.702362061 322.916992188 246.095596313 328.428710938 326.797515869 395.520172119 377.630889893 395.559234619 390.952209473 387.262207031 318.940216064
245.13079834 255.381362915 384.202178955 352.785675049 383.54788208 462.247344971 399.226165771 363.654632568 292.916473389 276.130767822 295.488555908 339.000549316 439.07824707 483.952056885 394.750213623 553.356872559 562.119506836 648.689819336 525.714538574 524.987304688 512.905029297 396.095306396 372.952636719 359.623474121 375.559509277 229.524856567 109.071113586 75.6664276123 158.214035034 269.523620605 306.077545166 350.619293213 348.13092041 370.583343506 408.273651123 500.560302734 398.559417725 353.785614014 323.357269287 280.285644531 202.107192993 210.714141846 273.523620605 423.47644043 389.845397949 243.856994629 290.047668457 343.047790527 355.350616455 409.238311768 346.999694824 380.035766602 371.166748047 339.178649902
513.178955078 395.214111328 453.225952148 485.464508057 436.36895752 423.598419189 366.499206543 322.547729492 350.976104736 362.142791748 363.35723877 543.476806641 576.246765137 669.429138184 490.357543945 591.226196289 623.846557617 523.916992188 415.261566162 428.785583496 378.916625977 358.333007812 298.26184082 364.390167236 361.964447021 366.250183105 316.893310547 106.060134888 70.5357589722 185.226165771 266.688079834 344.214172363 372.595367432 342.500030518 461.512634277 431.106842041 498.953125 399.69039917 394.928619385 394.012084961 314.226501465 175.883026123 239.07170105 314.464508057 310.940490723 265.499938965 271.297668457 379.8097229 335.259674072 400.547698975 357.690368652 356.20223999 282.475799561 259.142700195
661.059753418 619.928344727 644.832885742 849.846313477 745.940734863 652.155822754 465.631561279 355.40435791 434.166625977 384.036529541 478.512023926 581.321472168 621.960876465 686.524780273 630.927978516 627.381408691 569.845214844 397.690368652 376.119384766 378.726409912 400.309539795 365.952362061 297.464294434 242.648880005 252.357192993 307.607147217 369.73815918 325.035430908 97.1900024414 121.04800415 234.558135986 339.297424316 291.94039917 350.690551758 419.952270508 452.297576904 455.356964111 530.702636719 482.761932373 489.916656494 352.773590088 297.105010986 176.750473022 293.857269287 328.940643311 236.678451538 246.797744751 335.773895264 312.207824707 331.678527832 332.297424316 305.523651123 301.237792969 289.833068848
744.405090332 626.452026367 584.130310059 726.190002441 737.570922852 693.012573242 528.4765625 388.476135254 502.166809082 360.071075439 454.440063477 576.690063477 636.557556152 614.738342285 603.475524902 501.035522461 442.511932373 448.047393799 348.29776001 351.690460205 320.976104736 251.309082031 180.249862671 92.622833252 79.3805465698 94.8934173584 169.155090332 272.939758301 185.904815674 71.5717697144 173.324783325 247.524520874 265.345245361 390.952331543 391.714447021 432.999725342 464.535705566 489.987915039 461.84552002 387.143066406 388.34552002 416.389160156 227.130996704 219.238342285 331.928710938 269.036376953 259.738037109 310.559448242 280.454406738 278.166778564 271.404846191 271.333099365 259.963439941 342.428527832
733.375427246 581.236083984 568.33404541 488.958251953 479.027557373 450.574737549 471.305541992 363.458099365 389.527893066 343.290771484 541.125732422 550.972290039 442.227020264 449.889282227 419.374603271 468.861633301 444.000396729 392.027648926 357.958099365 252.930130005 181.166702271 102.01361084 93.3050384521 109.45413208 151.180709839 69.096534729 60.2775650024 64.0552520752 81.6533508301 81.7784881592 139.273025513 162.847061157 212.652832031 367.624725342 357.152954102 482.570068359 388.000701904 445.22253418 359.916748047 403.208587646 374.416778564 442.470245361 311.625366211 171.402023315 220.250366211 275.514282227 160.555557251 221.375564575 275.910339355 227.666610718 244.625183105 212.721466064 234.957885742 234.13923645
848.111022949 774.083312988 648.208068848 633.291320801 621.735412598 673.652038574 606.862487793 470.458404541 320.138580322 363.541778564 468.652557373 445.43057251 450.061309814 388.680603027 429.638916016 466.15322876 384.333587646 399.36151123 401.708435059 274.250579834 105.082077026 109.805000305 176.569473267 229.287841797 256.943939209 252.902801514 114.10974884 108.624351501 97.5140304565 61.7912445068 59.6364479065 175.111282349 172.874771118 310.458526611 353.458190918 357.264129639 398.348175049 389.013763428 323.611419678 342.847198486 333.500061035 392.500030518 403.792358398 304.513793945 234.95791626 179.082550049 223.207885742 151.50062561 164.530944824 218.333267212 222.680252075 250.319259644 188.069366455 191.111038208
893.236450195 969.62512207 794.402893066 739.610778809 706.34753418 576.18182373 506.555603027 406.542480469 294.944030762 359.374450684 404.791656494 409.541564941 355.681945801 360.638824463 426.819641113 405.221862793 362.346893311 268.736663818 169.541122437 88.9582290649 109.139099121 175.819061279 297.152618408 330.938903809 327.194610596 280.903137207 259.444671631 341.194824219 236.776931763 200.846847534 59.2577476501 84.6389770508 154.027679443 334.319641113 353.277191162 289.972290039 375.945281982 376.041656494 322.707519531 311.166290283 346.277648926 313.197052002 372.263977051 343.625183105 288.472198486 266.749847412 265.153015137 243.639053345 192.819091797 145.61076355 251.056121826 249.625198364 210.179733276 185.250350952
691.403137207 846.250305176 745.276733398 627.847412109 639.305114746 644.257446289 530.292236328 374.916687012 276.041564941 222.347000122 366.237487793 377.000701904 457.425567627 244.736358643 203.500656128 194.194992065 104.541442871 89.1526641846 82.9584350586 135.88861084 173.151931763 251.902633667 327.736297607 380.378509521 345.694702148 302.736236572 338.027954102 411.778594971 325.097473145 302.61138916 122.893676758 56.0418510437 119.87461853 241.680603027 285.527984619 375.666809082 289.333190918 313.458526611 447.875061035 316.263824463 304.388763428 289.954650879 291.083435059 321.944335938 306.444580078 290.305358887 275.138977051 255.985809326 212.484848022 153.777679443 226.98576355 280.652496338 266.472381592 218.125213623
658.166259766 914.215026855 768.678100586 769.01159668 584.214416504 463.362976074 444.880981445 426.047485352 356.464874268 127.523750305 110.738075256 136.154556274 111.285598755 98.7258300781 90.0357055664 86.8095245361 92.0236053467 102.368911743 132.940505981 183.333221436 241.404785156 282.392791748 420.059692383 383.727355957 351.547332764 373.880950928 434.191223145 444.536254883 422.321716309 296.857116699 234.052093506 57.0949668884 98.0235290527 253.977264404 337.928741455 422.559631348 357.476745605 273.714172363 330.297241211 308.535491943 340.76184082 325.649261475 268.512481689 262.190582275 272.333465576 248.761291504 244.202560425 243.999679565 210.883377075 142.71446228 194.35697937 279.94052124 243.250305176 195.261688232
327.334136963 418.964141846 488.654327393 450.475250244 339.725067139 379.454101562 302.475921631 316.429046631 132.654449463 216.821655273 182.762207031 96.4878921509 91.9349060059 101.190612793 178.393417358 248.76210022 268.619232178 233.905654907 320.632019043 324.440551758 338.344970703 350.309356689 385.904907227 517.363769531 374.261932373 474.642852783 487.512115479 428.202850342 407.297363281 345.714202881 287.701324463 61.2494277954 89.488609314 217.499954224 279.559570312 280.380584717 353.785461426 282.880523682 227.331939697 314.690490723 273.345214844 305.155731201 288.023651123 232.321273804 203.035522461 193.273895264 157.571166992 183.225967407 161.869125366 103.274665833 171.415878296 171.797180176 154.892593384 142.761886597
232.714355469 179.403579712 166.249816895 197.452529907 307.548370361 134.155792236 164.559875488 120.654670715 188.035995483 380.571411133 227.928436279 106.785453796 185.519744873 305.179168701 389.000244141 396.309387207 355.833374023 324.36907959 376.559661865 358.142913818 363.428649902 474.035125732 445.476593018 462.116607666 390.809204102 444.571594238 461.369110107 423.952392578 477.678649902 477.607330322 363.285400391 126.928207397 70.189163208 263.964630127 251.261779785 230.51184082 350.78692627 191.74961853 153.951522827 182.213943481 143.78553772 174.740447998 190.594848633 153.940704346 138.035644531 157.809524536 166.892852783 166.904968262 188.221191406 127.822235107 87.0712966919 96.440612793 98.1544342041 89.7975463867
661.797790527 496.415802002 422.535186768 503.572753906 299.976593018 134.778991699 159.904510498 242.988327026 362.536132812 212.536300659 120.393066406 200.429138184 374.259765625 484.595031738 486.583587646 367.654937744 344.749908447 463.035919189 439.976715088 441.166412354 426.832855225 441.047546387 430.618713379 458.025909424 380.761993408 443.857269287 461.594970703 391.785675049 423.143005371 463.047424316 383.32409668 233.702331543 52.5357131958 275.000061035 235.988510132 204.238296509 219.820846558 119.166244507 100.071266174 101.500099182 118.607788086 79.0389404297 111.750267029 161.488723755 91.0354537964 72.8926696777 98.0956268311 115.713668823 138.402801514 85.5474624634 55.9761199951 47.4283981323 42.6903762817 41.4878845215
687.761413574 570.13079834 522.261657715 530.095458984 210.845077515 319.714660645 438.167633057 313.999603271 115.785301208 106 199.500427246 303.428375244 451.89642334 499.595550537 414.416900635 421.238189697 391.452087402 419.452178955 497.512176514 466.713500977 452.54864502 416.035614014 428.499969482 466.689025879 395.857269287 355.107269287 404.10723877 377.845336914 392.833251953 451.428771973 416.416412354 235.512588501 54.6190261841 291.178039551 233.227050781 124.475914001 99.2380599976 97.7856063843 112.88053894 147.881118774 147.97618103 117.973693848 61.035243988 50 68.2265777588 61.4524879456 44 71.9763336182 71.4027099609 74.5833282471 65.3691329956 49.5472946167 64.2858200073 50.2261657715
815.214660645 705.845458984 520.071594238 252.345062256 106.892730713 108.207420349 106 106 109.761756897 223.261764526 429.809173584 424.738647461 486.844512939 485.142852783 432.773193359 518.833679199 446.332885742 487.440551758 508.392272949 536.238220215 398.48828125 344.726165771 410.893005371 411.285675049 434.571166992 346.975891113 346.487854004 377.702972412 319.428436279 373.749938965 418.765441895 361.298217773 91.6553573608 279.011993408 89.1785430908 145.2134552 103.952529907 120.785591125 186.97593689 153.39302063 132.536346436 134.208099365 140.750198364 92.3213195801 87.5357818604 123.250106812 75.5710601807 47.9165382385 45.6495666504 60.5591621399 61.5595855713 57.1667861938 58.238193512 48.9166793823
811.393005371 520.29699707 323.595275879 107.154602051 106 107.752952576 152.297271729 202.369094849 238.393432617 308.368896484 458.797149658 483.857177734 484.870422363 489.333435059 477.357513428 532.238098145 469.749725342 573.083618164 550.641845703 495.892852783 501.262115479 448.107025146 338.035583496 390.480621338 361.893096924 370.750213623 288.868896484 263.619171143 291.190704346 326.095428467 359.882507324 368.154998779 185.572723389 59.4041748047 62.417011261 82.4048538208 202.475952148 277.619934082 176.594970703 192.940200806 129.2371521 74.129524231 126.118522644 87.4998016357 55.6901321411 112.321708679 72.6783676147 70.3808822632 52.2205657959 53.7738075256 62.9881820679 54.4285125732 52.3571128845 67.5476989746
563.108215332 415.440368652 168.583480835 106 167.749603271 328.610290527 350.713775635 431.119110107 339.629882812 405.96395874 456.524047852 612.500366211 551.687927246 554.607421875 528.49987793 619.61932373 539.690612793 553.25 538.987915039 613.904968262 629.476501465 578.702148438 372.297515869 339.805419922 353.226318359 342.678649902 333.809295654 329.5 216.583755493 263.429046631 299.623474121 260.750152588 130.594299316 149.476104736 155.297592163 117.512107849 61.0708694458 179.035110474 128.808853149 171.488586426 105.66658783 56.2207145691 39.8570213318 47.8571510315 36.3213653564 34.5356559753 43.8810653687 48.797542572 50.3118209839 51.2980194092 57.3094787598 63.9760704041 38.8808364868 36.2618675232
406.999755859 325.067932129 106.499900818 111.249397278 377.069854736 485.22744751 494.889129639 549.778137207 396.262664795 539.764587402 478.583282471 569.417053223 569.893920898 539.890136719 490.417022705 490.485229492 525.875793457 519.111328125 477.624755859 552.833557129 610.390380859 603.791809082 380.98626709 312.833190918 379.55557251 313.694885254 253.318771362 316.610656738 322.041992188 176.986282349 147.469589233 150.610031128 194.236221313 189.736160278 214.277450562 356.153045654 87.6105499268 70.5980300903 77.8606872559 48.5273284912 87.1799545288 61.9848060608 39.1110877991 37.6246871948 43.3340568542 34.4720916748 32.1944084167 34.7637405396 57.0449905396 46.9586410522 38.8887557983 33.0277709961 34.8612747192 54.5693359375
244.776885986 148.87461853 106 196.73614502 506.889190674 675.71282959 647.556274414 522.054626465 441.805633545 633.624755859 657.903015137 534.819519043 482.606170654 377.250061035 331.944152832 281.097015381 272.152496338 349.540893555 411.416687012 488.596923828 596.889587402 474.277404785 518.263549805 293.272979736 366.38861084 446.597808838 313.388671875 205.861175537 179.013885498 190.027877808 204.196792603 251.500259399 285.985992432 230.041381836 255.527557373 281.707824707 165.582717896 136.682281494 98.624961853 73.6659164429 70.7362670898 60.439201355 37.2219314575 35.5000419617 46.2221565247 32.9028511047 33.2359275818 50.9164085388 63.8641319275 47.3886222839 36.2220420837 45.1529426575 59.6666755676 52.0140800476
199.472457886 106 106.805397034 266.65335083 473.222167969 500.484344482 614.861328125 561.360534668 528.625305176 577.791809082 506.541748047 500.263946533 464.197235107 518.430480957 471.625610352 434.389038086 426.04309082 267.291595459 295.083221436 448.000183105 499.638549805 408.055603027 351.638549805 346.287994385 258.833251953 247.165878296 232.222518921 215.042190552 273.944824219 251.735992432 305.106842041 341.208587646 350.45904541 245.667160034 335.152679443 260.041564941 189.638839722 121.666435242 129.958465576 115.083435059 95.5000991821 78.5608596802 70.7227859497 61.7914237976 46.6386184692 50.7917518616 55.0692405701 48.3335800171 35.4854278564 51.140422821 62.0276794434 54.3333511353 56.0556640625 61.2919235229
118.985656738 106 211.694534302 364.708312988 324.277648926 357.029632568 627.027709961 682.943664551 577.513793945 692.958862305 653.180358887 704.125183105 674.576416016 649.569213867 554.805175781 635.48651123 499.527740479 418.542205811 266.583221436 309.361450195 389.013763428 487.666564941 425.472076416 282.499786377 233.263778687 260.569458008 269.666656494 320.958557129 321.139160156 281.805725098 357.802978516 372.805053711 339.596038818 370.318817139 256.084106445 138.347366333 143.7084198 90.5831298828 135.749893188 108.596717834 106.722373962 101.105918884 88.4303817749 78.6108551025 71.4025115967 63.6665458679 48.8055267334 44.2917098999 59.954788208 90.208442688 95.2918930054 73.3195724487 62.6388664246 69.5276794434
106 166.763931274 401.429870605 504.805664062 532.014343262 409.938964844 605.818786621 853.347595215 699.542785645 820.402587891 818.903137207 780.860168457 805.666870117 622.125427246 778.500610352 731.930480957 604.541442871 459.527618408 324.985961914 270.013702393 267.874938965 267.694274902 274.597839355 266.681518555 356.13873291 388.749633789 347.735992432 369.374633789 418.847595215 326.12512207 305.999755859 391.138977051 303.902832031 280.847412109 172.485748291 153.319763184 136.250213623 81.847076416 96.3611907959 116.749954224 106.583351135 108.363777161 90.0277709961 81.2919387817 71.9026031494 59.2777252197 73.8758621216 90.6110153198 135.469558716 123.278282166 95.2214584351 83.8332748413 87.2640304565 96.6805877686
