examples/inputs/cairngorms_topo.asc
ncols 203
nrows 173
xllcorner 0
yllcorner 0
cellsize 1000
nodata_value -9999
[rows 144 to 167 of 173, columns 0 to 53 of 203]
625.430603027 379.263580322 525.197875977 203.985427856 108.555358887 305.772644043 388.694702148 510.194519043 443.554931641 457.611083984 345.318359375 509.584075928 588.257568359 424.942657471 587.333557129 279.72253418 154.611282349 173.902404785 275.597442627 754.848510742 631.555175781 273.208190918 533.375671387 572.576660156 435.514465332 605.972167969 755.832885742 671.568786621 1007.80688477 875.460021973 630.636230469 727.139404297 509.041931152 376.930633545 295.194610596 257.222503662 214.416885376 186.915985107 200.000427246 239.708511353 260.152893066 585.227172852 618.152099609 662.833190918 574.403137207 544.708557129 508.361022949 394.763824463 250.257873535 238.652862549 201.639022827 140.847457886 106 106
673.703063965 574.476074219 243.892822266 100.261512756 454.345703125 520.597717285 430.642730713 425.666748047 453.905395508 467.202270508 354.95223999 416.904754639 489.16809082 490.14251709 233.618515015 136.464080811 258.666381836 337.012298584 188.178527832 323.916625977 420.059265137 364.726226807 738.928771973 405.570800781 406.785736084 720.142822266 824.559326172 620.594787598 751.155212402 637.011413574 506.727111816 503.202545166 317.273681641 220.035400391 249.202301025 256.928497314 285.762298584 291.285430908 287.940765381 193.571380615 154.606933594 361.389404297 427.63168335 472.249816895 444.166564941 429.726074219 341.40536499 216.833312988 137.753799438 106 106 106 148.976242065 146.298049927
341.583435059 216.261734009 55.2856750488 309.012634277 563.953186035 454.675201416 478.404418945 177.963668823 228.939819336 411.381195068 418.39276123 267.261657715 188.843338013 174.666595459 125.571342468 187.857025146 430.963653564 601.856933594 325.499908447 195.630859375 210.773590088 304.214172363 730.383239746 421.285308838 587.036010742 740.796936035 707.295715332 807.405151367 541.464477539 384.166381836 277.973968506 226.249816895 243.428192139 381.083557129 498.047302246 493.952301025 480.584655762 405.821350098 473.916564941 323.334289551 264.63180542 138.337585449 158.333786011 184.534698486 211.737976074 182.952758789 128.10710144 106.059516907 106 158.357452393 214.297668457 262.261993408 346.606781006 240.166702271
35.4167366028 73.2021179199 212.035522461 290.261047363 647.939758301 520.648254395 236.000518799 284.809783936 730.404785156 640.262023926 542.048278809 418.048309326 199.155853271 109.869194031 233.166732788 447.321289062 316.595092773 774.31072998 488.154754639 270.0831604 413.571105957 539.940734863 342.094787598 428.661987305 781.190368652 726.796936035 789.119384766 529.511352539 358.369293213 255.368789673 321.623199463 439.499328613 445.273681641 567.726074219 607.88104248 589.797302246 657.095153809 550.88104248 692.143615723 490.679168701 430.261962891 294.727020264 182.213821411 170.928253174 115.678314209 106 106 118.345100403 217.857437134 305.440032959 394.821136475 513.916870117 349.547943115 340.309661865
394.473327637 251.609619141 474.179840088 508.026916504 618.334960938 344.83493042 118.388679504 533.333618164 480.179321289 379.804718018 346.568786621 284.22164917 119.136260986 164.152770996 380.513824463 733.098388672 396.013977051 748.61151123 625.041564941 355.124481201 409.609863281 815.888244629 438.401855469 678.075866699 539.457458496 816.903686523 629.708618164 409.958007812 299.125091553 581.167236328 647.424865723 744.153747559 620.222717285 713.862182617 731.527648926 807.874328613 748.582702637 768.833190918 597.041137695 541.513977051 531.541687012 566.349243164 499.764465332 375.791534424 117.444389343 110.583351135 201.278396606 282.902557373 290.31918335 498.819213867 607.652832031 493.319580078 379.097839355 424.30557251
518.485168457 638.889892578 784.890380859 457.138122559 489.791748047 143.16619873 193.40272522 318.651641846 274.402496338 260.471832275 196.666290283 169.069198608 101.288032532 403.374359131 584.889709473 813.194702148 678.168518066 532.76385498 546.527893066 585.278686523 326.665252686 500.526397705 438.220123291 786.334411621 445.082946777 743.140563965 751.88885498 681.916137695 350.444030762 546.194580078 895.667114258 891.668212891 642.708435059 837.390625 713.166564941 605.91583252 782.95916748 636.221923828 533.972351074 513.361083984 513.194458008 492.469787598 312.347106934 137.763381958 159.63848877 188.541305542 282.027709961 354.444549561 378.92388916 437.055541992 516.042175293 451.124847412 476.80569458 481.624755859
704.26348877 933.154052734 523.515380859 295.332977295 155.193954468 130.0599823 313.166473389 394.721740723 431.208618164 402.930725098 368.777648926 171.986465454 169.787658691 476.06930542 704.847717285 602.861572266 393.236755371 282.971984863 367.62487793 502.903198242 339.014038086 599.34753418 378.235687256 605.773254395 382.610076904 752.583679199 771.193054199 598.264343262 378.749908447 691.109741211 671.863708496 630.805480957 537.568786621 760.543151855 689.832580566 526.055725098 499.569610596 484.38848877 431.069946289 466.097991943 355.999633789 214.07598877 157.208618164 188.763793945 241.832778931 297.652770996 372.77746582 527.098388672 491.197021484 474.819213867 465.416564941 411.88885498 485.79107666 679.139160156
406.026672363 664.208740234 450.515319824 125.680709839 79.5831069946 275.408081055 525.208007812 617.000549316 521.861755371 391.12487793 343.126281738 74.5415420532 246.393310547 481.486816406 293.430358887 239.846817017 285.429901123 475.542419434 356.472351074 265.027069092 246.638687134 448.37512207 418.874389648 339.015869141 532.291137695 679.124694824 607.319396973 394.124725342 608.347045898 712.652526855 663.091003418 545.902770996 460.777679443 482.277709961 488.222229004 443.472106934 416.652252197 322.722564697 242.819198608 208.625549316 141.833358765 167.485092163 213.7081604 237.916687012 342.555267334 458.66595459 525.167114258 559.570129395 549.257995605 541.139953613 395.222106934 438.180358887 517.958251953 614.707946777
211.821640015 454.381469727 138.035339355 54.6901512146 228.035919189 499.312316895 553.201904297 515.821777344 385.178405762 148.345077515 60.5832710266 173.523483276 422.870635986 226.725662231 287.262268066 568.798034668 460.582977295 638.477233887 459.308837891 497.738067627 270.523742676 273.868988037 354.702606201 314.285797119 515.940429688 594.773681641 464.678588867 407.952270508 553.00012207 566.083435059 490.506713867 426.571502686 365.320678711 372.404388428 355.785461426 322.928405762 308.404968262 193.273880005 142.809402466 145.035675049 217.655517578 282.116912842 307.071228027 361.274078369 630.286071777 523.392700195 605.250305176 580.559631348 566.754089355 479.560455322 361.059692383 451.357543945 381.606719971 548.035766602
122.546775818 84.5237808228 49.9642829895 134.999954224 367.380401611 406.778808594 351.725921631 329.881225586 115.428504944 88.1186599731 391.215057373 585.726745605 262.805114746 327.488250732 490.083343506 805.369873047 607.417724609 360.19052124 295.606994629 279.000152588 238.928390503 192.488174438 177.809860229 182.830566406 344.345458984 438.952423096 391.618835449 446.369140625 443.309265137 438.690124512 416.895721436 262.797332764 188.904586792 207.178848267 150.464096069 146.023803711 146.000061035 145.666290283 161.380630493 247.333328247 265.78604126 466.506530762 457.393157959 322.59576416 607.583190918 600.678466797 640.606506348 545.654418945 398.636749268 358.964477539 414.107055664 539.725524902 422.511779785 340.571289062
349.874786377 52.8891639709 38.9860687256 174.652862549 211.582275391 242.287612915 245.58265686 70.1518859863 95.3193817139 298.902679443 552.139709473 319.609924316 258.893829346 459.345977783 492.360565186 602.235107422 521.180541992 286.472106934 486.696166992 426.375427246 274.917297363 350.750610352 320.36126709 190.485778809 186.513763428 309.944274902 414.028289795 495.194793701 500.043151855 285.999816895 165.968948364 180.957351685 212.252029419 232.014373779 379.653869629 253.236114502 251.361450195 208.374649048 261.110961914 508.58493042 410.458435059 560.50012207 554.611083984 389.320770264 334.193145752 557.278259277 605.638671875 466.665771484 456.5 231.581558228 442.999603271 616.95892334 617.291748047 349.875183105
98.2763214111 35.7361335754 44.388885498 41.0835113525 41.874912262 42.6363487244 50.2357788086 63.2779922485 97.7923660278 167.902404785 208.111022949 202.332763672 326.682373047 543.514160156 745.138183594 484.194519043 335.651550293 394.513641357 666.070007324 521.26385498 373.40246582 465.1796875 573.153503418 307.878509521 180.792251587 196.416976929 293.514404297 354.180847168 234.901855469 157 277.319549561 429.083404541 429.110595703 297.389007568 544.722900391 479.624694824 368.832977295 404.80581665 362.12487793 590.402832031 529.860839844 567.847839355 659.88848877 574.235961914 438.138366699 244.388214111 502.694244385 554.333435059 291.060699463 262.375793457 447.375335693 513.055541992 582.152709961 357.38848877
45.8615875244 93.5418395996 89.3335189819 98.7776107788 118.59728241 96.3031387329 105.513526917 119.055641174 135.875549316 176.665313721 343.916992188 549.667053223 774.138183594 645.359863281 1034.97314453 575.722351074 690.443786621 779.223937988 827.097351074 634.096740723 375.916656494 551.374206543 574.026977539 338.908355713 295.319213867 189.723144531 156.013626099 224.11151123 203.430847168 276.472473145 551.195861816 791.791503906 632.90222168 414.764007568 522.000305176 436.666625977 403.458374023 542.75012207 421.374755859 746.347351074 622.221923828 600.681945801 524.31829834 510.416992188 640.348205566 195.805007935 301.013977051 500.153442383 225.667282104 201.416519165 297.805236816 276.332672119 236.723114014 161.125015259
42.5242996216 92.8098831177 132.20211792 125.559684753 140.035446167 188.41583252 239.179031372 289.536224365 347.369628906 369.214874268 300.964263916 467.785705566 698.843444824 673.678588867 728.559387207 576.392150879 899.226379395 715.774230957 686.511291504 560.677612305 404.535766602 583.440368652 432.297637939 386.70135498 343.928833008 251.905059814 207.84538269 326.65524292 559.024902344 325.928070068 870.466491699 932.380493164 651.380859375 509.14276123 615.071838379 344.951629639 543.190795898 513.142456055 532.118591309 519.28515625 673.357299805 792.74230957 531.404663086 335.773406982 493.571380615 343.120117188 109.083213806 112.035140991 97 97 97 97 97 97
63.3334541321 81.9284439087 102.29675293 152.368942261 200.345169067 320.741729736 379.322143555 498.678527832 574.322509766 457.559692383 419.083068848 685.452636719 490.791931152 561.666809082 514.190368652 645.654968262 707.130737305 636.809448242 557.988342285 413.119415283 546.428833008 430.976287842 371.797363281 413.806060791 186.249923706 215.880981445 346.595245361 428.737823486 683.654785156 430.797485352 675.739685059 771.904785156 613.512145996 831.107666016 654.274841309 375.571350098 691.536132812 608.070800781 611.380615234 536.214233398 344.80947876 741.844909668 610.095092773 457.808990479 231.558898926 234.845672607 108.809394836 102.916099548 145.103988647 169.202270508 132.749908447 209.976593018 322.904876709 316.178588867
110.861206055 161.569320679 203.277633667 296.722625732 361.069458008 437.545684814 480.458465576 535.36114502 493.027252197 443.83303833 597.902954102 661.374633789 498.757751465 440.958129883 442.902770996 467.458190918 529.041381836 544.680664062 497.791625977 321.083007812 504.527770996 441.166748047 295.222229004 203.166397095 222.305221558 280.666687012 451.430999756 550.943481445 723.207336426 593.999206543 733.69744873 946.457275391 899.640319824 745.735961914 496.334381104 457.262573242 621.264221191 503.110931396 594.930419922 595.707458496 306.055480957 500.697113037 700.861450195 557.110717773 289.805114746 142.097000122 268.820281982 160.998764038 424.197692871 546.751708984 251.971603394 461.443695068 569.223022461 458.027709961
138.222427368 213.861038208 331.097320557 437.944824219 442.014190674 460.741912842 518.541381836 545.486206055 517.846801758 403.347229004 464.541473389 465.611328125 430.484863281 402.194580078 379.431030273 358.458343506 397.930511475 481.069732666 512.778259277 425.847686768 266.069793701 291.444549561 163.819335938 192.757415771 339.027923584 562.930297852 351.569580078 746.08380127 730.166503906 766.723571777 546.863220215 933.291625977 716.457824707 677.194580078 463.180419922 214.915557861 572.541320801 393.610198975 426.944458008 367.944091797 283.084136963 219.530090332 247.013824463 249.833358765 142.83303833 260.54083252 366.014129639 211.402420044 594.772644043 586.222412109 413.389038086 486.805877686 599.874206543 484.290863037
223.86151123 306.903259277 386.875274658 390.611602783 404.541473389 470.333831787 416.014770508 434.319885254 574.348449707 354.708374023 379.055206299 375.026763916 269.060577393 278.861022949 312.736328125 298.374481201 299.902496338 228.541000366 478.764038086 296.430999756 170.194946289 105.097915649 176.499771118 322.681427002 528.556274414 697.722839355 399.943450928 514.443786621 860.861572266 681.82019043 353.62097168 624.306091309 758.137573242 399.263275146 575.93157959 220.194625854 403.806610107 260.77835083 133.763931274 129.027770996 153.457519531 140.74230957 133.109909058 124.06942749 259.944580078 466.513275146 326.611358643 240.194747925 624.559692383 573.916748047 632.625915527 598.736022949 587.000427246 478.666870117
221.798019409 274.119140625 293.285247803 362.536315918 398.879943848 321 455.393554688 486.308349609 412.999603271 612.143676758 751.809814453 517.403076172 171.037948608 375.904510498 475.678863525 490.999938965 579.798706055 411.845397949 283.845062256 157.272750854 59.6184883118 244.488449097 469.23928833 289.466461182 653.619018555 808.047912598 546.797241211 520.582946777 528.773742676 897.538452148 439.779449463 447.868499756 570.416625977 243.177963257 168.392486572 128.214248657 131.118743896 161.476547241 340.094390869 503.79800415 337.011260986 206.766448975 398.774383545 134.91696167 374.822540283 570.357666016 355.869262695 294.666595459 542.207763672 632.975341797 938.99041748 636.287597656 750.011962891 688.178894043
238.444335938 265.583435059 272.555175781 305.319641113 295.222229004 482.697784424 675.737854004 601.972106934 722.071472168 846.126342773 500.457885742 315.833496094 401.122131348 495.264038086 597.805664062 725.070983887 617.346984863 660.791870117 303.374145508 101.45791626 161.693969727 444.361206055 609.362548828 525.863037109 593.071411133 695.95715332 784.957641602 843.322692871 417.484344482 596.347167969 473.742431641 169.24961853 151.74949646 128.180557251 317.6121521 344.556030273 523.959777832 481.722930908 576.597595215 482.56930542 248.749420166 279.863647461 500.125488281 187.569824219 276.23626709 525.707580566 408.472686768 345.750335693 594.211181641 831.096435547 516.554443359 606.541259766 630.944030762 555.110534668
380.666778564 426.430847168 455.152557373 367.791046143 232.817169189 354.045349121 457.166351318 699.611022949 841.431274414 669.500488281 408.793731689 163.055282593 488.787719727 440.528198242 396.096923828 422.083190918 389.444152832 358.499603271 375.167327881 117.762985229 119.554786682 326.610839844 449.166931152 506.378570557 757.47076416 549.860107422 807.501220703 586.805847168 333.152801514 187.805374146 154.878814697 192.624633789 354.567840576 260.541717529 526.457214355 635.792236328 438.333129883 408.207824707 288.791503906 290.166748047 234.208099365 217.772781372 521.570678711 163.458648682 235.403549194 483.123779297 429.569793701 459.110961914 716.727539062 786.971069336 588.096679688 472.12411499 482.666503906 481.249908447
398.542205811 492.778137207 458.09753418 288.236480713 308.388885498 551.363037109 649.917907715 566.916748047 524.888916016 588.180358887 339.083190918 101.666168213 290.955749512 288.999206543 381.833465576 479.291625977 649.376953125 474.930755615 447.917358398 55.0686950684 87.2775268555 413.445465088 376.221801758 637.910583496 513.471496582 418.027801514 366.09777832 302.972686768 215.790466309 481.495117188 365.484100342 368.902954102 609.875793457 404.333557129 466.138183594 700.179321289 667.307006836 431.611022949 295.721405029 379.722045898 486.653015137 249.317520142 425.278625488 129.98600769 269.833221436 422.055725098 405.999938965 622.000854492 472.256713867 576.848327637 677.05682373 557.13885498 447.708435059 368.471313477
371.41619873 371.512268066 287.024200439 118.547340393 239.833389282 351.597045898 345.524139404 424.285583496 617.512329102 561.01348877 396.977416992 61.1304740906 384.155395508 502.773590088 575.46472168 529.797668457 509.178710938 383.381530762 298.071502686 150.867660522 53.0591163635 278.808990479 476.988739014 367.493347168 523.573791504 560.357788086 424.511077881 428.5234375 376.690002441 704.106811523 810.533996582 394.368682861 546.630187988 381.059265137 672.024414062 636.975524902 472.023498535 380.118469238 487.191253662 364.547180176 596.869750977 321.467071533 344.917266846 148.487747192 236.940841675 417.713653564 384.107818604 553.666564941 743.58581543 480.761688232 343.344543457 457.440490723 556.368774414 442.273864746
424.194549561 351.444763184 82.1389541626 231.444580078 328.222686768 322.000366211 519.265869141 652.611206055 561.261901855 197.567169189 46.3738059998 253.319717407 505.196594238 545.25 562.708129883 529.76373291 391.388702393 316.472015381 465.750457764 167.846420288 11.3756990433 131.042022705 467.471801758 395.786346436 296.207336426 492.485870361 641.874389648 628.126037598 591.25012207 358.499298096 587.529846191 523.95916748 554.986816406 433.194061279 571.291564941 631.764648438 679.862792969 629.417236328 453.902770996 361.152648926 595.48638916 553.34979248 443.000427246 247.569198608 122.208099365 212.638275146 277.65246582 495.693511963 675.515930176 543.818908691 559.555969238 302.305175781 429.735565186 349.541748047
